# De ejercicio ejemplo1
co2 <- c(316,316.91, 317.63, 318.46, 319.02, 319.52, 320.09, 321.34, 
322.13, 323.11, 324.6, 325.65, 326.32, 327.52, 329.61, 330.29, 
331.16, 332.18, 333.88, 335.52, 336.89, 338.67, 339.95, 341.09, 
342.75, 344.44, 345.86, 347.14, 348.99, 351.44, 352.94, 354.19, 
355.62, 356.36, 357.1, 358.86, 360.9, 362.58, 363.84, 366.58, 
368.3, 369.47, 371.04, 373.08, 375.61, 377.43)  